PSO-DE
1.724852
1.724852
1.724852
6.70E-16
66600
HPSO
1.724852
1.814295
1.749040
4.01E-02
81000
UPSO
1.921990
2.837210
0
6.83E-01
100000
MBA
1.724853
1.724853
1.724853
6.94E-19
47340
CMA-ES
1.7248523
1.7248523
1.7248523
1.66E-09
4658
MVDE
1.7248527
1.7248621
1.7249215
7.88E-06
15000
CPSO
1.728024
1.748831
1.782143
1.29E-02
240000
LCA
1.7248523
1.7248523
1.7248523
7.11E-15
15000
IPSO
1.724852
1.7248787
1.7250002
3.28E-05
20000
CB-ABC
1.724852
1.724852
0
2.38E-11
15000
DELC
1.724852
1.724852
1.724852
4.10E-13
20000
IABC-MAL
1.724852
1.724852
1.724852
2.31E-12
15000
NM-PSO
1.724717
1.726373
1.733393
3.50E-03
80000
APSO
1.736193
1.877851
1.993999
0.076118
50000
WCA
1.724856
1.726427
1.744697
4.29E-03
46450
IAPSO
1.7248523
1.7248528
1.7248624
2.02E-06
12500
SAMP-Jaya
1.724852
1.724852
1.724852
6.7E-16
3618.25
C-ITGO
1.7248523
1.7248523
1.7248523
3.65E-12
940.68

CPSO
0.0126747
0.012730
0.012924
5.20E-04
240000
HPSO
0.012665
0.012719
0.012707
1.58E-05
81000
NM-PSO
0.012630
0.012633
0.012631
8.47E-07
80000
MBA
0.012665
0.012713
0.012900
6.30E-05
7650
UPSO
0.013120
0.022940
0
7.20E-03
100000
PSO-DE
0.012665
0.012665
0.012665
1.20E-08
24950
LCA
0.01266523
0.01266541
0.01266667
3.88E-07
15000
CB-ABC
0.012665
0.012671
0
1.42E-05
15000
QPSO
0.012669
0.018127
0.013854
1.34E-03
2000
G-QPSO
0.012665
0.017759
0.013524
1.27E-03
2000
APSO
0.012700
0.013297
0.014937
6.85E-04
120000
CMA-ES
0.01266524
0.01266861
0.01269335
6.30E-06
19445
MVDE
0.01266527
0.01266732
0.01271906
2.45E-06
10000
DELC
0.012665
0.012666
0.012665
1.30E-07
20000
WCA
0.012665
0.012746
0.012952
8.06E-05
11750
IPSO
0.01266567
0.012671486
0.01268312
3.89E-06
20000
IAPSO
0.01266523
0.013676527
0.01782864
1.573E-3
2000
IABC-MAL
0.01266523
0.01266525
0.01266539
6.78E-08
15000
SAMP-Jaya
0.012664
0.013193
0.012714
9.25E-05
6861
C-ITGO
0.01266523
0.01266523
0.01266525
2.81E-9
535.08

PSO-DE
263.895843
263.895843
263.895843
4.50E-12
17600
CMA-ES
263.895843
263.895843
263.895843
2.7E-09
1706
MVDE
263.895843
263.895843
263.895855
2.58E-07
7000
DELC
263.895843
263.895843
263.895843
4.3E-14
10000
MBA
263.895852
263.897996
263.915983
3.93E-03
13280
IABC-MAL
263.895843
263.895843
263.895843
0.0
15000
C-ITGO
263.895843
263.895843
263.895843
2.0E-12
136.48

LCA
2996.34816497
2996.34816497
2996.34816497
2.63E-12
24000
IPSO
2996.34816497
2996.3481
2996.34816509
2.43E-18
20000
APSO
3177.530771
3855.581557
4677.005187
473.767
30000
IAPSO
2996.34816497
2996.34816497
2996.34816497
688E-13
6000
C-ITGO
2996.34816497
2996.34816497
2996.34816497
7.5E-13
856.40

PSO-DE
2996.348167
2996.348174
2996.348204
6.40E-06
54350
WCA
2994.471066
2994.474392
2994.505578
7.4E-03
15150
DELC
2994.471066
2994.471066
2994.471066
1.90E-12
30000
CB-ABC
2994.471066
2994.471066
0
2.48E-07
15000
CMA-ES
2994.471066
2994.471066
2994.471066
8.98E-10
12998
MVDE
2994.471066
2994.471066
2994.471066
2.82E-07
30000
IABC-MAL
2994.471066
2994.471066
2994.471066
8.51E-13
15000
LCA
2994.471066
2994.471066
2994.471066
2.66E-12
24000
APSO
3187.630486
3822.640624
4443.017639
366.146
30000
MBA
2994.482453
2996.769019
2999.652444
1.56
6300
IPSO
2994.471067
2994.47108
2994.4711
9.27E-06
20000
IAPSO
2994.471066
2994.471066
2994.471066
2.65E-09
6000
SAMP-Jaya
2760.673988
2760.673988
2760.673988
2.54E-11
3744.66
C-ITGO
2994.471066
2994.471066
2994.471066
9.28E-13
491.24

UPSO
6544.2700
9032.5500
0
9.95E+02
100000
QPSO
6059.7209
8017.2816
6440.3786
4.79E+02
8000
G-QPSO
6059.7208
7544.4925
6440.3786
4.48E+02
8000
CMA-ES
6059.7143
6170.25055
6410.08676
140.4843
30018
MVDE
6059.7144
6059.99724
6090.53353
2.9103
15000
CB-ABC
6059.7143
6126.6237
0
1.14E+02
15000
PSO-DE
6059.7140
6059.7140
0
0
42100
HPSO
6059.7143
6099.9323
6288.6770
86.2000
81000
WCA
5885.3327
6198.6172
6590.2129
213.0490
27500
LCA
6059.8553
6070.5884
6090.6114
11.37534
24000
APSO
6059.7242
6470.7156
7544.4927
326.9688
200000
CPSO
6061.0777
6147.1332
6363.8041
86.4500
240000
MBA
5889.3216
6200.64765
6392.5062
160.34
70650
IPSO
6059.7143
6059.7155
6059.7257
0.00232
20000
DELC
6059.7143
6059.7143
6059.7143
2.10E-11
30000
IABC-MAL
6059.7143
6072.5972
6089.2720
1.88E-06
15000
SAMP-Jaya
5872.2129
5872.2129
5872.2129
5.0E-12
6513.33
IAPSO
6059.7143
6068.7539
6090.5314
14.0057
7500
C-ITGO
6059.7143
6059.7143
6059.7143
9.8E-13
1101.64

MBA
2.700857E-12
2.062904E-08
2.47E-09
3.94E-09
1120
UPSO
2.700857E-12
3.80562E-08
0
1.09E-07
100000
CS
2.7009E-12
1.9841E-9
2.3576E-9
3.55E-9
5000
APSO
2.700857E-12
4.781676E-07
7.072678E-06
1.44E-06
8000
IAPSO
2.700857E-12
5.492477E-09
1.827380E-08
6.36E-09
800
C-ITGO
2.700857E-12
4.6504232E-09
2.7264505E-08
6.85E-09
773.0

WCA
0.313656
0.313656
0.313656
1.69E-16
500
IPSO
0.313656
0.313656
0.313656
0.0
20000
APSO
0.337181
0.506829
0.716313
0.09767
2000
IAPSO
0.313656
0.313656
0.313656
1.13E-16
400
C-ITGO
0.313656
0.313656
0.313656
1.13E-16
286.48
